%YAML:1.0
---
size: !!opencv-matrix
   rows: 2
   cols: 1
   dt: d
   data: [ 640., 480. ]
K: !!opencv-matrix
   rows: 3
   cols: 3
   dt: d
   data: [ 5.8434567919487745e+02, 0., 3.2685037930977245e+02, 0.,
       5.8439099819292426e+02, 2.4556569154850470e+02, 0., 0., 1. ]
D: !!opencv-matrix
   rows: 1
   cols: 5
   dt: d
   data: [ -6.4205764002655721e-02, 1.4308863453482705e+00,
       3.8912866152561380e-03, 7.8493518657965901e-04,
       -4.1820736619543961e+00 ]
