Orbbec Astra 19083030098
IR fx = 577.134
IR fy = 577.134
IR cx = 322.31
IR cy = 242.271
RGB fx = 514.656
RGB fy = 514.656
RGB cx = 337.437
RGB cy = 239.921
r00 = 0.999903
r01 = -0.0129438
r02 = -0.00521312
r10 = 0.0129686
r11 = 0.999905
r12 = 0.00474647
r20 = 0.00515118
r21 = -0.00481362
r22 = 0.999975
t1 = -25.3494
t2 = -0.151612
t3 = -0.159334
k1 = -0.0753902
k2 = 0.2436
p1 = -0.263971
p2 = -0.000202227
k3 = 0.00208239
